          62
          45
         159
         154
          28
         245
         201
         219
          50
         232
          54
         135
         176
         197
         221
          46
          63
          32
          50
          29
         166
         126
         137
          16
          15
         201
           5
          75
         169
         123
          78
         211
         141
          60
         182
          92
          13
         108
         189
          96
         211
          77
         196
          64
         205
         109
          26
         158
         188
         209
          46
         220
          43
         252
         203
          37
         194
         236
          48
         182
         177
         252
          99
         128
         254
          11
         206
          49
          33
         207
          71
         198
          54
         129
         174
          34
         165
          73
         196
         188
          40
          52
         168
         156
         169
         120
         187
          24
         115
         100
          32
          80
         178
         134
          58
         188
          96
          76
         165
         107
           6
         188
          18
          71
          98
         174
         154
         203
          81
          18
         151
          43
          68
         113
          32
          23
         185
         109
           0
          48
         140
         181
          32
           2
         117
         115
          71
         115
         120
         127
          27
         192
           0
         140
          91
           8
         128
         220
         248
         183
          22
         102
          79
          41
         176
         206
          74
          58
          73
          83
