0000000 020443 061057 067151 061057 071541 006550 006412 006412
0000020 006412 046412 054101 030475 030065 005015 036551 006461
0000040 073412 064550 062554 055440 021040 064444 020042 066055
0000060 020145 046444 054101 056440 005015 067544 005015 020040
0000100 020040 072556 061155 071145 022075 040522 042116 046517
0000120 005015 020040 020040 061545 067550 022040 072556 061155
0000140 071145 037040 020076 072556 061155 071145 027163 074164
0000160 006564 020012 020040 066040 072145 021040 020151 036453
0000200 030440 006442 062012 067157 000145
0000211
